<?xml version="1.0"?>
<opencv_storage>
<calibrationDate>"Mon 12 Oct 2020 04:59:35 PM CEST"</calibrationDate>
<framesCount>29</framesCount>
<cameraResolution>
  1280 960</cameraResolution>
<cameraMatrix type_id="opencv-matrix">
  <rows>3</rows>
  <cols>3</cols>
  <dt>d</dt>
  <data>
    1.0438426808983722e+03 0. 6.4978280820182295e+02 0.
    1.0438426808983722e+03 4.7420591905341450e+02 0. 0. 1.</data></cameraMatrix>
<cameraMatrix_std_dev type_id="opencv-matrix">
  <rows>4</rows>
  <cols>1</cols>
  <dt>d</dt>
  <data>
    0. 4.1083085822383998e+00 7.6126439596445883e-01
    1.0255017269934414e+00</data></cameraMatrix_std_dev>
<dist_coeffs type_id="opencv-matrix">
  <rows>1</rows>
  <cols>5</cols>
  <dt>d</dt>
  <data>
    2.3744909500330241e-01 -6.9776398670117179e-01 0. 0.
    6.3267035340740574e-01</data></dist_coeffs>
<dist_coeffs_std_dev type_id="opencv-matrix">
  <rows>5</rows>
  <cols>1</cols>
  <dt>d</dt>
  <data>
    4.1508908346490521e-03 1.9256253647587138e-02 0. 0.
    2.6815862044615786e-02</data></dist_coeffs_std_dev>
<avg_reprojection_error>3.9480940203111764e-01</avg_reprojection_error>
</opencv_storage>
