<?xml version="1.0"?>
<opencv_storage>
<calibration_time>"Tue Oct 13 17:25:57 2020"</calibration_time>
<image_width>3280</image_width>
<image_height>2464</image_height>
<flags>0</flags>
<camera_matrix type_id="opencv-matrix">
  <rows>3</rows>
  <cols>3</cols>
  <dt>d</dt>
  <data>
    2.5799112933555107e+03 0. 1.6469522281889108e+03 0.
    2.5923725202516866e+03 1.2432591913117103e+03 0. 0. 1.</data></camera_matrix>
<distortion_coefficients type_id="opencv-matrix">
  <rows>1</rows>
  <cols>5</cols>
  <dt>d</dt>
  <data>
    2.1868362618264295e-01 -5.6967349225544273e-01
    3.4839622866408355e-04 -1.1848549476955913e-04
    4.4844365299260303e-01</data></distortion_coefficients>
<avg_reprojection_error>9.4313608214582567e-01</avg_reprojection_error>
</opencv_storage>
