<?xml version="1.0"?>
<opencv_storage>
  <images>
    frame00000.png
    frame00001.png
    frame00002.png
    frame00003.png
    frame00004.png
    frame00005.png
    frame00006.png
    frame00007.png
    frame00008.png
    frame00009.png
    frame00010.png
    frame00011.png
    frame00012.png
  </images>
</opencv_storage>
